(DEVICE FILE: PVQFN40-0R5-7X5-EP)

PACKAGE PVQFN40-0R5-7X5-EP
CLASS IC
PINCOUNT 41

PINORDER PVQFN40-0R5-7X5-EP  1 2 3 4 5 6 7 8 9 10,
 11 12 13 14 15 16 17 18 19 20,
 21 22 23 24 25 26 27 28 29 30,
 31 32 33 34 35 36 37 38 39 40,
 41

PINSWAP PVQFN40-0R5-7X5-EP  1 2 3 4 5 6 7 8 9 10,
 11 12 13 14 15 16 17 18 19 20,
 21 22 23 24 25 26 27 28 29 30,
 31 32 33 34 35 36 37 38 39 40,
 41

FUNCTION PVQFN40-0R5-7X5-EP PVQFN40-0R5-7X5-EP  1 2 3 4 5 6 7 8 9 10,
 11 12 13 14 15 16 17 18 19 20,
 21 22 23 24 25 26 27 28 29 30,
 31 32 33 34 35 36 37 38 39 40,
 41

END
