(DEVICE FILE: QFN40-0R5-6R0X6R0)

PACKAGE QFN40-0R5-6R0X6R0
CLASS IC
PINCOUNT 41

PINORDER QFN40-0R5-6R0X6R0  1 2 3 4 5 6 7 8 9 10,
 11 12 13 14 15 16 17 18 19 20,
 21 22 23 24 25 26 27 28 29 30,
 31 32 33 34 35 36 37 38 39 40,
 41

PINSWAP QFN40-0R5-6R0X6R0  1 2 3 4 5 6 7 8 9 10,
 11 12 13 14 15 16 17 18 19 20,
 21 22 23 24 25 26 27 28 29 30,
 31 32 33 34 35 36 37 38 39 40,
 41

FUNCTION QFN40-0R5-6R0X6R0 QFN40-0R5-6R0X6R0  1 2 3 4 5 6 7 8 9 10,
 11 12 13 14 15 16 17 18 19 20,
 21 22 23 24 25 26 27 28 29 30,
 31 32 33 34 35 36 37 38 39 40,
 41

END
